patentkey,0,1,2,3,4,5,6,7,8,9,10,11,12,13,14,15,16,17,18,19,20,21,22,23,24,25,26,27,28,29,30,31,32,33,34,35,36,37,38,39,40,41,42,43,44,45,46,47,48,49,50,51,52,53,54,55,56,57,58,59,60,61,62,63,64,65,66,67,68,69,70,71,72,73,74,75,76,77,78,79,80,81,82,83,84,85,86,87,88,89,90,91,92,93,94,95,96,97,98,99
0,0.9999999999999994,0.007127234267751848,0.9999999999999994,0.018161370244970956,0.0018398595494220646,0.016015331563094256,0.011594999573852353,0.005322888145755156,0.06880866395309418,0.037426498450197555,0.018651615975656618,0.06691375905863164,0.0,0.020672127345909206,0.006029878378837356,0.012505954194772968,0.022945335594636705,0.009594262677372602,0.010271366158754312,0.0016831475069489029,0.020601818008255567,0.020451399377390475,0.015343572828068782,0.01920449357695294,0.04513458126181728,0.0585983126115321,0.017734522036153742,0.0470904853379069,0.0014596783183028954,0.010951113293738194,0.2648753231680994,0.03087120112810153,0.016366010725225637,0.008511314687293261,0.004404104095376609,0.017368743863978874,0.2998350459700204,0.02470636421303212,0.015150066953099488,0.006287844643799801,0.009850872941178292,0.04552716507934325,0.02389787144261287,0.17242146552067178,0.036743047107376726,0.00667526393905581,0.019505630599508352,0.05432655057003885,0.01144744620181387,0.03703541166647574,0.006653778594416567,0.01957539440528691,0.014820390752020919,0.002520544821938711,0.04781524673916193,0.0015776302222247198,0.07740996123809185,0.030934261653043305,0.0034753861144430137,0.005569344908928017,0.09890539041700445,0.054745263412551454,0.04283581993828403,0.018214901358256673,0.022798806901462697,0.1469087953213037,0.03153191629273203,0.008867180885147638,0.12589741209003297,0.0014944925741833613,0.03423480040032346,0.19897795588749764,0.03542171680248009,0.024311979612573108,0.01860032586245294,0.2598211226152995,0.005198313932073694,0.010780514479708991,0.011057550184679606,0.023154905551659416,0.019966136896757528,0.002438055218906385,0.0032287907736743087,0.009268903263934564,0.0071535431341672034,0.022502088666935337,0.09693147479680427,0.02078957460352923,0.005971533677249905,0.04297052444755608,0.21538904412449147,0.03510808237778483,0.003717020786465403,0.022449050404412647,0.010514544758252097,0.003910078310660356,0.055394785943311056,0.0075261792107526775,0.01031966018986342,0.006440994128062138
1,0.007127234267751848,1.0000000000000002,0.007127234267751848,0.012823624227207318,0.10774149934212222,0.07588320399795585,0.07331338237256563,0.018108832061469238,0.001852750079041405,0.027784239433636435,0.005557185156841109,0.1391791419505394,0.028093187024621023,0.014360982164559931,0.020440102925285183,0.021867449551104323,0.025055628614242806,0.09066062218593032,0.03496345725011436,0.007698869592563863,0.027259716317321336,0.02515978761368145,0.0025961940471794123,0.005174522919981179,0.0030770454355584387,0.09950536188608718,0.03752301897223828,0.016062985588071024,0.0,0.03527450888813108,0.020789667615651628,0.02854227765637517,0.08163823542696297,0.008152845950318292,0.10056553199639796,0.016041122244126706,0.009313848506372052,0.021937562680720862,0.026002651236595162,0.004875840582607375,0.010966493244873612,0.005973281264726715,0.025139818870032797,0.017457629514023777,0.14963649274315102,0.00925178371214136,0.03112672413578782,0.02595362937699959,0.019077209555130852,0.018325347466578552,0.0112482063349605,0.022312369479771818,0.01985752002401733,0.006310517879471651,0.04975538028295665,0.012783448157111348,0.13772042028315293,0.038969471045151735,0.03234752555104807,0.004649465875995193,0.02095818861258627,0.025133097996571645,0.024108377775869088,0.023389678227204367,0.006491293944331331,0.0749598646355771,0.03320335413590786,0.13365947507586884,0.021971809799027082,0.0975999164843218,0.009585240403312049,0.025772184663227556,0.014189078683164793,0.022524800104618572,0.013412103512335316,0.02427988988162058,0.005800002131362354,0.006630432369678169,0.013516960086524537,0.009198283213510723,0.03022227213275356,0.010044227094861065,0.015576075911595539,0.01349166457766397,0.9688610932383342,0.007846781622498416,0.013402336303386218,0.14294930587629295,0.02403836711670314,0.025901521071291202,0.028331494503877442,0.01796276183835767,0.04876852019263469,0.025302551202057134,0.031004422178197533,0.06095652232083432,0.022032835251329822,0.01040837986415058,0.007099171688415278,0.0013916182102383578
2,0.9999999999999994,0.007127234267751848,0.9999999999999994,0.018161370244970956,0.0018398595494220646,0.016015331563094256,0.011594999573852353,0.005322888145755156,0.06880866395309418,0.037426498450197555,0.018651615975656618,0.06691375905863164,0.0,0.020672127345909206,0.006029878378837356,0.012505954194772968,0.022945335594636705,0.009594262677372602,0.010271366158754312,0.0016831475069489029,0.020601818008255567,0.020451399377390475,0.015343572828068782,0.01920449357695294,0.04513458126181728,0.0585983126115321,0.017734522036153742,0.0470904853379069,0.0014596783183028954,0.010951113293738194,0.2648753231680994,0.03087120112810153,0.016366010725225637,0.008511314687293261,0.004404104095376609,0.017368743863978874,0.2998350459700204,0.02470636421303212,0.015150066953099488,0.006287844643799801,0.009850872941178292,0.04552716507934325,0.02389787144261287,0.17242146552067178,0.036743047107376726,0.00667526393905581,0.019505630599508352,0.05432655057003885,0.01144744620181387,0.03703541166647574,0.006653778594416567,0.01957539440528691,0.014820390752020919,0.002520544821938711,0.04781524673916193,0.0015776302222247198,0.07740996123809185,0.030934261653043305,0.0034753861144430137,0.005569344908928017,0.09890539041700445,0.054745263412551454,0.04283581993828403,0.018214901358256673,0.022798806901462697,0.1469087953213037,0.03153191629273203,0.008867180885147638,0.12589741209003297,0.0014944925741833613,0.03423480040032346,0.19897795588749764,0.03542171680248009,0.024311979612573108,0.01860032586245294,0.2598211226152995,0.005198313932073694,0.010780514479708991,0.011057550184679606,0.023154905551659416,0.019966136896757528,0.002438055218906385,0.0032287907736743087,0.009268903263934564,0.0071535431341672034,0.022502088666935337,0.09693147479680427,0.02078957460352923,0.005971533677249905,0.04297052444755608,0.21538904412449147,0.03510808237778483,0.003717020786465403,0.022449050404412647,0.010514544758252097,0.003910078310660356,0.055394785943311056,0.0075261792107526775,0.01031966018986342,0.006440994128062138
3,0.018161370244970956,0.012823624227207318,0.018161370244970956,0.9999999999999999,0.037559847655742225,0.027362868273807208,0.06924836814880754,0.038986160386447914,0.03692572469939638,0.024485088481101785,0.013134491966981611,0.004712609088981431,0.004853005859041601,0.012260809860017319,0.030803006583464198,0.02710889818676949,0.024553786184726027,0.18490593713863482,0.01184873964253856,0.03245124136299889,0.01896422958016544,0.020994354844093385,0.01851999483909715,0.026572912083813648,0.023041882426705646,0.014590000235951863,0.020716494335125294,0.0337690844593364,0.0012066793280290902,0.010238206413840224,0.02666857620113249,0.022120763729976928,0.06889146740597797,0.020600055613129924,0.03245209550024625,0.009314289505730988,0.06680065996860013,0.030753650668768746,0.00793497422414524,0.025211516146718082,0.02228821790537652,0.0042396152624795,0.01064914383281718,0.005545458006689492,0.03257945130497958,0.0025063781826666553,0.016156096966517184,0.016137842780313286,0.0320956122765723,0.032765276763119,0.011505396292588186,0.15510833340139607,0.005769253125746991,0.004366355389816735,0.004273983104103308,0.011809995604744395,0.034781238080975496,0.001880436915916676,0.023299306956400687,0.010365337058022672,0.027318015287726278,0.04303421275547008,0.026739719256701582,0.047664546350189914,0.004601852219519649,0.005496580479720757,0.14097932200766877,0.019567955695384477,0.045490247630670624,0.10260403349822887,0.02499507794695382,0.013255323809300484,0.010137209605629945,0.004567952664296481,0.0038744981797825383,0.007652881533116137,0.007462030561201106,0.0013058769978511447,0.10256572591756301,0.030128702970446945,0.004837913549787684,0.01568887406928825,0.03074018262601016,0.022608861420995188,0.012870960263049555,0.00347940897478451,0.006896179034734074,0.07082244750464171,0.0006055324008702541,0.02322704981968571,0.019473037034382544,0.006050262761179919,0.015122842923644112,0.004367501361499919,0.01282392736678411,0.019294462243713527,0.052331825760597535,0.005977306191919574,0.006555592353179201,0.0012739469601351979
4,0.0018398595494220646,0.10774149934212222,0.0018398595494220646,0.037559847655742225,1.0000000000000004,0.05355393364453341,0.057612487649599524,0.0012591904060624565,0.010087128370703632,0.012170962346755458,0.06438509229542116,0.029362991800477366,0.007564292374389839,0.03142834314441216,0.025737190332506904,0.003150149874423126,0.019527595869957518,0.0861169627648858,0.07764362607134352,0.012495799514616431,0.05552754445607534,0.0167111354702714,0.001069768334714335,0.010522748722132356,0.00793738362182378,0.03545141367105796,0.24525651341867502,0.14098898453164216,0.01314253762094113,0.07465071799378017,0.017627742731351773,0.0182100017894993,0.4615068656505882,0.0040881503131726645,0.057035411525800335,0.1047639370047846,0.04566825001424638,0.02438096917221907,0.03423852800980027,0.02855684111154528,0.004228774524249967,0.02661996886206188,0.03034404185111593,0.03004713339306532,0.0500326084254971,0.03002589900257599,0.023243313887434176,0.039968105617296336,0.04535779974308542,0.056248804344474254,0.008284793344341936,0.07928312300795363,0.057777521588171524,0.005369090960840572,0.04448166792528784,0.04957031618311952,0.04749969376867494,0.03727853221950014,0.04288083564935038,0.005922660363574014,0.029068272177591902,0.02239308554373841,0.03880845052575259,0.029183022213359996,0.017107206653139754,0.029610832850886788,0.04460948962805016,0.023206658507163615,0.06110073427033488,0.048591010140866676,0.015094483336908302,0.027271086802927377,0.095014555649828,0.006629281046518771,0.01694875253199071,0.14897188211318274,0.01065417148796612,0.015609092766793698,0.05095643017867334,0.019644519126931968,0.019071382226296407,0.025064519428857613,0.010028043378035104,0.08674109145457426,0.11244425352168082,0.017312754673516468,0.031820218557519105,0.07672361666278767,0.022625000192452307,0.03998560162264395,0.014955660299029939,0.024773402881698235,0.02440765163989173,0.04611290861234681,0.030524350069243124,0.06939409727297365,0.03256594060720924,0.012202877641234573,0.10290818971208648,0.016012354550147212
5,0.016015331563094256,0.07588320399795585,0.016015331563094256,0.027362868273807208,0.05355393364453341,1.0000000000000002,0.09218537319137797,0.018823836267972998,0.03834055458562459,0.026314550979473036,0.0060815865493585464,0.04864365916581269,0.0031922117830843074,0.013492549199398069,0.019369568948673917,0.02282415620191455,0.038405378590736686,0.033554879665182065,0.008170289042715207,0.018623228089975026,0.08587166251930821,0.03183144839593757,0.0050569154617789314,0.016923435645272225,0.006752743552731991,0.14543601299523604,0.048493574593362634,0.024463351757992063,0.009803437673175607,0.008032993022267001,0.031481003869220016,0.0390596962978086,0.21564323784946293,0.009188761266219486,0.05307920597437518,0.0317026654377562,0.12694181629439102,0.06751204159276332,0.016947977135304482,0.009738115275053291,0.01053160086166995,0.022644476923355476,0.04574218175209158,0.1000561010764271,0.05941693865599946,0.01289268445459941,0.12403923882239198,0.02610272993693919,0.01114683899118728,0.030596041553140354,0.014867679781041568,0.15641996245697418,0.04839985670085522,0.006885150125202087,0.009517703401657194,0.0060174375297330175,0.21191917976305163,0.04501093598631998,0.02301656631339922,0.011499443975475266,0.044691750633526345,0.048477948866228436,0.09124341869869682,0.03355777065971147,0.017644140341334123,0.11246629050230003,0.03400755442744968,0.006861120071898488,0.15114571710773503,0.1676539526598115,0.0245289133249216,0.03060423700322464,0.04817313791547747,0.009447475745661755,0.012730710878954622,0.2574950307446913,0.026994336870395298,0.14708932468904554,0.032060389253095734,0.02986924056933015,0.013567583091191653,0.007875413862226037,0.012899233215149424,0.042275842681679277,0.08584808539229241,0.01958529683238418,0.036472604881519245,0.17544380819497402,0.013864536205039428,0.04150571003804541,0.039538590360382424,0.042609047089029704,0.05559157547072264,0.12000004397268062,0.023641403053372437,0.07504261684782965,0.015687788343629,0.022142330682255563,0.013438155507879667,0.010717922579740333
6,0.011594999573852353,0.07331338237256563,0.011594999573852353,0.06924836814880754,0.057612487649599524,0.09218537319137797,1.0,0.0018954136240406135,0.07321374902579943,0.030111700244369335,0.03196068881678752,0.023955254869863964,0.005230782867710606,0.03901229690828017,0.007807064295226516,0.0008680311944869392,0.0218087358124986,0.05124658345155927,0.0530717868515224,0.025129213354359567,0.02941097315765259,0.01618829789718407,0.01912936822496832,0.0583905353136185,0.0029011538218934995,0.09144439674351125,0.044745941595677886,0.0705007821681811,0.0,0.0547006912044634,0.02661899951792742,0.029980635761709926,0.09291788539105907,0.004041567868612751,0.11351710387982569,0.02483996917267588,0.13103492584913348,0.022269515202939016,0.015204695787613015,0.10163692103880327,0.012878960531361871,0.008357211921740658,0.029877285677939666,0.015601073050879006,0.03773864475479322,0.014791764540093545,0.00871784595352985,0.01242963053296907,0.014811775015376928,0.036963217235698745,0.008321798869889594,0.13019696750363735,0.005487758483079391,0.050223689539880725,0.006254434514694342,0.0899918926008173,0.09992101963120247,0.013544326432653724,0.03334737181631025,0.07869671614672595,0.026424088571392668,0.021808848551771315,0.0370548708242147,0.08219609274198404,0.09928819341300282,0.06990578077524137,0.04031368964283349,0.017915653430620633,0.03442706873924955,0.14337993244461233,0.023984206822133747,0.02313700452247014,0.010962834510693941,0.014178976732872878,0.03199065423031966,0.01831956326718881,0.01758051750538138,0.02101577483215613,0.09414953833852174,0.035949144596764855,0.012878878816429622,0.006320874475695837,0.002946239164383151,0.0388466359738328,0.06447313006196359,0.009394952408379332,0.025502236968770953,0.18902869672444897,0.022494351503480715,0.0290124899201931,0.030787148387789294,0.024973890344041523,0.007747233290136211,0.0007630107456779058,0.017033807330063225,0.03900889534392545,0.04762580831873134,0.001786708160806324,0.004356344193036989,0.012457010897168944
7,0.005322888145755156,0.018108832061469238,0.005322888145755156,0.038986160386447914,0.0012591904060624565,0.018823836267972998,0.0018954136240406135,0.9999999999999998,0.048430446399279105,0.004400843840764899,0.0,0.0029429790314454154,0.18012014177093372,0.0035606363205655106,0.00916419782019776,0.9328424690210946,0.008003665545497458,0.0345366818805163,0.0027767497560152103,0.013406522343110098,0.009184186121928041,0.05408139967538081,0.0,0.013244751767781716,0.0023074272139243183,0.01136803642703533,0.00339080803838154,0.023017026668974382,0.0016987677473568744,0.002864101345490964,0.009471054516696838,0.011161938306311679,0.0037136403681779324,0.04800390102613997,0.009187141378629582,0.0017221623039724342,0.006945584194661047,0.02107241904644713,0.010488593842574421,0.0,0.012034558013381928,0.0011377509075971783,0.006905566019552799,0.00682466937588053,0.0034866855539021292,0.0024447260685792733,0.0014939854797435279,0.008001810000641894,0.008716560222610513,0.012925562102678749,0.008993260940122504,0.02819683196478701,0.013297893864718911,0.0016960294231909991,0.015249141599218427,0.0,0.0005908537270297852,0.04423341400710316,0.005063584644662758,0.0,0.016243300912373207,0.029049707899196482,0.0,0.029507625988379728,0.0006711937399865485,0.02643375451577399,0.01823638429243514,0.03958865539253438,0.07122027302662974,0.005296528655124344,0.015379908238151668,0.02066968032554782,0.005585578830500874,0.0,0.0,0.020637728875062912,0.006541165531003168,0.030024887258971265,0.008604281885792854,0.023101331203513462,0.05591905347825819,0.00040349521936814195,0.0238048837853394,0.0190376484175843,0.05486060077498453,0.023131599364509897,0.006622698315499005,0.00800070100599332,0.006357199423720813,0.06134485131017878,0.013498822382258583,0.009933017620241603,0.015918688621577203,0.018313792406952904,0.0,0.014450078876328286,0.02198321002735585,0.002682474656073088,0.0011631775936066396,0.0020433132768822564
8,0.06880866395309418,0.001852750079041405,0.06880866395309418,0.03692572469939638,0.010087128370703632,0.03834055458562459,0.07321374902579943,0.048430446399279105,1.0000000000000004,0.10454910098206767,0.013549469737937102,0.22796996643350237,0.01128088715208344,0.0944747972246511,0.055935991632997985,0.010305993307767117,0.036438110751839614,0.016525057387839163,0.042798396680240824,0.14050081484252966,0.02949732792610217,0.039179139864199124,0.009978072491971881,0.0402189566589739,0.026691921791441683,0.1321368791644333,0.031190360295831724,0.006980499438674464,0.00373617811101773,0.05025931644518506,0.07039245293207468,0.019480084448688973,0.024364179198827017,0.011155219657357864,0.08046312265472357,0.012863002955538737,0.03281748867418317,0.013617605052171425,0.06173128584151395,0.04933600624080484,0.022559554993886066,0.0017665816208668845,0.013132646295733321,0.008136997360972467,0.004860834268853983,0.009224861311575856,0.039584854279413946,0.06584370816699692,0.011063571779644116,0.014611690530440292,0.013647086497204693,0.04978457273136295,0.009507568509154681,0.15182609707270603,0.0055741693423718135,0.05633756267536581,0.17955551714612739,0.09015852922257989,0.008626496067157137,0.17282303348874598,0.0027142721363445765,0.10164606863812205,0.06148786685244782,0.041397132194554445,0.05968787869262748,0.0167351316937839,0.09222868081702203,0.003317302343947058,0.0036419259185257154,0.04146070910467765,0.10427349888015593,0.06733680428088482,0.014036455338813677,0.005172480183768237,0.0828219394508437,0.10110726290559224,0.0028086407299611057,0.0025446527267263585,0.030116339901186246,0.01771963588544439,0.004174650668134071,0.07942909349317516,0.0015731446281318923,0.03938966058953372,0.001859589163109553,0.017048372922005978,0.006029117926583342,0.05166803821253364,0.0003492812575815542,0.17463607658733715,0.0039840071135205015,0.01192989719047493,0.046526236236624226,0.01308668168228224,0.0862903709770168,0.0143393281092835,0.020345436184146384,0.0066657421746988445,0.024220050256616478,0.003623726016282089
9,0.037426498450197555,0.027784239433636435,0.037426498450197555,0.024485088481101785,0.012170962346755458,0.026314550979473036,0.030111700244369335,0.004400843840764899,0.10454910098206767,1.0000000000000004,0.004776552243966451,0.26446081448052017,0.001529593185093105,0.01418075937395176,0.01343733878309938,0.005742968150315483,0.005164342983940309,0.02109659981091036,0.00561492424212269,0.0006432770431473697,0.013299241702532315,0.02368381655814102,0.0024235815651590716,0.002814246075307733,0.0016834098400738944,0.08199433703217485,0.02097815492395658,0.006234900493979789,0.0009809378841775208,0.005221730789079693,0.02592914404700714,0.010604179330026768,0.009164722793801074,0.007118876309776688,0.012919557934096038,0.0021808442760518436,0.008316882564807506,0.01375637728592062,0.002076533423795343,0.002309578220190266,0.008197255904149648,0.006754661619200703,0.004825660729211201,0.004516617103915852,0.005972712319571423,0.0036213532634156603,0.02939557949980915,0.0313337859595669,0.012469301573226503,0.014488482273372233,0.00534161041065529,0.00991718338924532,0.01051192629081447,0.006618002259398905,0.025713542568238438,0.007693728234164297,0.10243687144933353,0.03327825322049859,0.010253332149600749,0.0021907042075978763,0.009280225935311822,0.05034815915059695,0.03982748087283741,0.002882753729009397,0.15855488404647275,0.012138358107211337,0.05941273815753289,0.0331844548202753,0.013029566108015367,0.012670552268740878,0.05338750919554602,0.04946641094255465,0.008825537421877215,0.03829777775150433,0.008076979937964914,0.1096534828065801,0.002424380609001872,0.007551936691277391,0.011645932099550857,0.010937711560847798,0.007514167399780219,0.004650380014045305,0.0030458122644142272,0.006233133993890078,0.021192281386803718,0.013262023056801998,0.005835439263732595,0.02832537215219251,0.003073867624450384,0.03471316441947397,0.005591762485840793,0.007444073482266821,0.22701672941174159,0.002193551450189896,0.012070177763761639,0.011761403076135369,0.016592293493662914,0.006673008836743797,0.004613226897910634,0.01889672409380526
10,0.018651615975656618,0.005557185156841109,0.018651615975656618,0.013134491966981611,0.06438509229542116,0.0060815865493585464,0.03196068881678752,0.0,0.013549469737937102,0.004776552243966451,1.0,0.007657068802019962,0.0,0.06280276334894938,0.01574981475432475,0.0,0.049738186163038975,0.010597209774730405,0.027399872809995146,0.005623660773914639,0.026692035485687417,0.011944410312099857,0.01064029572756872,0.029494920280553578,0.02407750412115506,0.011806946903555975,0.029461067353136233,0.03860518544746951,0.006513811415268901,0.025316759381612028,0.029710635660514767,0.08554841085394871,0.01628377395714237,0.012953907130458695,0.007475614977884105,0.008279562782254049,0.022642700406977717,0.01845884828265067,0.02098823978461918,0.04316585295030064,0.018643299001095317,0.016012217385320958,0.011167843617963129,0.017373932737051637,0.027802988541945434,0.05441939236988529,0.01019734112242161,0.015815873405985087,0.020278388741301678,0.16273406276027075,0.009770722759999684,0.003115909510729276,0.007978272985758912,0.014983066313434821,0.0016061568351889725,0.06397486622129642,0.017257244093096338,0.1931788023429252,0.007454377623469752,0.022659842668179178,0.05114858342712498,0.01894605493374986,0.032043042630229085,0.03811048786939751,0.012736340958594244,0.07931549046661457,0.030704896385439703,0.0058004945847697775,0.004050882922735084,0.0051941567556684585,0.07902515916676024,0.04395479694811978,0.007224031339710178,0.000882190146900131,0.059318149092874646,0.059552284215978496,0.00407859745343979,0.010642991563593284,0.00814568834975064,0.0021504707082895657,0.0018579877624211709,0.0012204506947506113,0.017122900175134757,0.02077471392897883,0.00557769847749878,0.002378890352300118,0.034411730766477786,0.022525481641950153,0.0055050457069248365,0.020194748501882603,0.028354770516961617,0.004393741298721275,0.003506787440070924,0.009694756685630397,0.023590953466113677,0.014656915513831678,0.02923099260932664,0.0042971052926656875,0.037838259319075335,0.0018499357424347745
11,0.06691375905863164,0.1391791419505394,0.06691375905863164,0.004712609088981431,0.029362991800477366,0.04864365916581269,0.023955254869863964,0.0029429790314454154,0.22796996643350237,0.26446081448052017,0.007657068802019962,1.0000000000000004,0.004472344327856,0.023193538671321012,0.013636989767800117,0.004346127994211163,0.008117983391158138,0.008435434568386298,0.0021129158319742815,0.003555555324730138,0.02831802792259991,0.03959260135127623,0.0,0.004734808788768987,0.00659292954996772,0.1569104785869669,0.004682088194141648,0.006882890847861574,0.003107174704015378,0.0014847221912059599,0.050326170787955746,0.012297979356259871,0.01857927114311111,0.0028659089030046805,0.013307201555976249,0.0010869455755868544,0.021493930219036526,0.020026495315603344,0.007680308555810764,0.002232896286790339,0.015924875028750004,0.006156103273455283,0.0099955252687987,0.00420847955537141,0.04360179700416552,0.002281008195290692,0.044359214876418425,0.07164654214451278,0.01208787598116884,0.005479555650213746,0.008377956076220296,0.014693363597237228,0.013550554759814709,0.003355601414079119,0.010825209003636798,0.0029030177916541475,0.2044173321204381,0.05796645982337503,0.01699364778554177,0.0032776713252362557,0.010576008845325356,0.11195524209056235,0.05675852704638653,0.010805653503235414,0.08503306190555486,0.009761860805417964,0.09780873137521764,0.05864334913778563,0.017484276453569824,0.010812541678198777,0.133926346631789,0.09258280432600259,0.014723402240245228,0.001783235124789937,0.002121751751604615,0.10345393024167453,0.0020468522295087966,0.009146305344859832,0.008550588207442686,0.014748843186364411,0.003294969066679805,0.0037780190766327233,0.003042185518744277,0.010170463644076427,0.13153179968100562,0.00356296626233144,0.00981147225374654,0.03152857880989536,0.01351722424802385,0.07070929169395442,0.004895881788054371,0.012454949861676631,0.08066999874171078,0.01344421242855237,0.015364187717758482,0.020133802186293567,0.01769839814853316,0.008237643265056513,0.0032373776573411963,0.012295848254609162
12,0.0,0.028093187024621023,0.0,0.004853005859041601,0.007564292374389839,0.0031922117830843074,0.005230782867710606,0.18012014177093372,0.01128088715208344,0.001529593185093105,0.0,0.004472344327856,0.9999999999999996,0.0042373873100802605,0.022034651276184543,0.24079396322409113,0.0030439371523201956,0.057684514411383364,0.0022483954268245733,0.0026635900107213556,0.016399968417502457,0.00786251573129919,0.0,0.018437256011339987,0.0,0.010442694808978822,0.002375003093907521,0.027552855905219883,0.008274096855462784,0.0023191259324733746,0.004657226203760436,0.003240633482014126,0.0016494810880523362,0.024962357957962988,0.004656488410025944,0.0009875463603872862,0.003653667279378176,0.004780796598184022,0.017747112945500458,0.0027809248169203718,0.004583902137838143,0.0,0.0403021835642863,0.0020953821859801152,0.007006445292428638,0.001552588269338069,0.006812450856510155,0.022329162963426186,0.0209573550791947,0.005492756670105648,0.0012169065971424854,0.010339970542100289,0.0036653774365818645,0.0,0.017382997338274975,0.001320579315764014,0.009524611901671885,0.011595839968897102,0.003976049274737553,0.0,0.006720093498061244,0.017398659230561254,0.007141042911476161,0.01119253374442575,0.0027886726758504167,0.0049508595057320215,0.02167662674078198,0.015517836258882095,0.016735939984534258,0.004624312708945052,0.01565777417769542,0.005012723105324999,0.0037705080263312116,0.004058418214126826,0.0,0.0082786895139972,0.0015950175859474097,0.007101188105322983,0.004700383000565939,0.0009268934777461016,0.01949397224357675,0.004602577664690103,0.005525318541551277,0.006954549487406545,0.03441804502192041,0.003323125989291345,0.0013179523800408094,0.020194278345158998,0.0025729912074627676,0.007942138031751467,0.002086135734471396,0.030489470638965517,0.004849728455566501,0.0025206980607904088,0.0016789269458708062,0.043035158520532,0.0,0.0,0.08381131290758609,0.005306978991647584
13,0.020672127345909206,0.014360982164559931,0.020672127345909206,0.012260809860017319,0.03142834314441216,0.013492549199398069,0.03901229690828017,0.0035606363205655106,0.0944747972246511,0.01418075937395176,0.06280276334894938,0.023193538671321012,0.0042373873100802605,1.0,0.03022991218903082,0.0037065297504593805,0.01958836681569914,0.02397259029161132,0.06500598712959652,0.10481072900300775,0.047668420929230945,0.016010563044966158,0.029968988234519697,0.021544149032586887,0.03271966397905969,0.03538190328775897,0.0036171663179873324,0.15522122260753823,0.001429626396709167,0.06622048634304384,0.025808479384944526,0.07000497299012978,0.02298039410190845,0.018205184441798302,0.02492504905574911,0.008553676340495309,0.009549627701717774,0.022258032733077502,0.07126945039426166,0.05319475384852391,0.025624707917886333,0.024431202000768964,0.025469911532825004,0.03534096006130447,0.030411784711541674,0.04749644477652292,0.00970915892211667,0.015609721726947828,0.01802915035878566,0.029903209724890193,0.019692668474462334,0.03922659457350867,0.0635405498529062,0.06042228850447106,0.05215777937514936,0.06790927669154616,0.04856779303665008,0.13887872614888191,0.02847140789212106,0.13266298879202007,0.0452877913620506,0.03143240508268155,0.016443928410747273,0.032408538888433806,0.016262266723670645,0.010738365177138512,0.033957785909848916,0.018288298437964028,0.01636925904034044,0.0334188959429643,0.007524793351956006,0.03675350883682682,0.03231542819822829,0.019997027210272054,0.1737826336247621,0.033216788464709025,0.006827519468915579,0.03990212663315857,0.014935639597762996,0.01419335887265392,0.023481212486417803,0.009863288585857957,0.012413533691558315,0.020961983179981474,0.014413993072742113,0.03358807379145858,0.023665104928760824,0.05200511239829527,0.00695633769149117,0.06972056041421056,0.007795780506006423,0.02791294957391118,0.024783829221703132,0.0037074739310305354,0.042763887035955156,0.014346523323573649,0.04940042902909943,0.01143838088661913,0.023386887508421796,0.009658333703747978
14,0.006029878378837356,0.020440102925285183,0.006029878378837356,0.030803006583464198,0.025737190332506904,0.019369568948673917,0.007807064295226516,0.00916419782019776,0.055935991632997985,0.01343733878309938,0.01574981475432475,0.013636989767800117,0.022034651276184543,0.03022991218903082,0.9999999999999994,0.00973314537761679,0.12835202766052262,0.046354833965554246,0.026715091168366675,0.055738948794148174,0.027802600767333915,0.014449539829224436,0.03148063408906258,0.11116177650033968,0.06668207154291053,0.03371620037244625,0.011782538899192936,0.0750581533291346,0.05532153592971287,0.03400062497725327,0.028710672316755875,0.038204515886969104,0.015122821614165897,0.044229019150339124,0.16950220524464493,0.017347939197023,0.0013281217907761696,0.03868427358084831,0.03514943205550584,0.02408672521207029,0.019036560808138942,0.02114871442778807,0.03781784859679067,0.03330091347892549,0.0340934127428852,0.014801227290541626,0.028604937532248142,0.06414701071082088,0.03761513415983706,0.02633855063087387,0.012609561028897964,0.13273569244316327,0.051171346869386854,0.1795522154605797,0.04729115235450093,0.00895355862609567,0.037641392564296286,0.03831894721248717,0.05580837341357902,0.11779379694507709,0.05316067118875133,0.04912674397333038,0.011522893701960139,0.08772546260821353,0.0676648024440777,0.09444476219462979,0.11460193317668964,0.06759586100881824,0.012597445147403352,0.014063959730437139,0.057036458025127815,0.017805340010210235,0.013718799039319086,0.0071461654059542315,0.013324392756935487,0.023405749177675246,0.008893776933840932,0.10932571979271724,0.010811005920130744,0.024462339299210302,0.027003528250586096,0.005133335538648659,0.07070556065291056,0.022007900338792914,0.021523159695244435,0.05077465318915188,0.023790264090801674,0.060965305278181676,0.0033746526170982476,0.004583585621211998,0.018056235458925648,0.03838828559176318,0.12069429224184139,0.0077184917157726105,0.09575106455629151,0.03039947889029221,0.04121128183917973,0.01290343203447381,0.062460820116511,0.006495302193717564
15,0.012505954194772968,0.021867449551104323,0.012505954194772968,0.02710889818676949,0.003150149874423126,0.02282415620191455,0.0008680311944869392,0.9328424690210946,0.010305993307767117,0.005742968150315483,0.0,0.004346127994211163,0.24079396322409113,0.0037065297504593805,0.00973314537761679,0.9999999999999991,0.007452559011368404,0.028276261117121004,0.003966100688984321,0.011983692457586603,0.01356605524724944,0.05461055918504284,0.0,0.008654848506592261,0.0021134371677930695,0.012441043327744549,0.00351892256157143,0.021592172159684665,0.0031118978531990936,0.004090867135241556,0.01021926945820922,0.011060559825956766,0.0032941268703076216,0.04153062919243713,0.00971220996408414,0.002627809606943275,0.008100353308871879,0.02172690269821826,0.012627783484792007,0.0007581033038056464,0.010382694166868458,0.0010420979007682984,0.01294773364862497,0.006250905696979495,0.004090716441792839,0.006865649276661147,0.0027367662320868283,0.014254580391024514,0.012430249610911482,0.013049766725428125,0.008237179407358738,0.019314845310525353,0.01585670988034511,0.0033539140718699986,0.01673549418353237,0.0,0.0010823589319725916,0.05298008071615716,0.004245736972158189,0.0005579938392099995,0.01735782326164012,0.02537879829689343,0.0008861667099158456,0.029132280362529572,0.002128755925183709,0.029639797980346674,0.017534916195991717,0.024897035424758424,0.07539578318107606,0.005496646808535567,0.012578765283408368,0.019371027703433137,0.008748892935871793,0.0,0.002562181797007395,0.018902673505880214,0.006975028537990347,0.031382104069635285,0.008390406099514828,0.018889514708697385,0.05970163274360926,0.0012650385998994999,0.02491835352419782,0.021880760380665224,0.060349024091169025,0.021949460239484714,0.006065914749809841,0.011558663096759658,0.006949052619016332,0.021865610565011656,0.014720117007642343,0.0171912415200667,0.014559816021582284,0.017329804963344433,0.0027588924059292414,0.011129679634397042,0.012156830185318953,0.004293401726602335,0.0025157069686872736,0.0027800821346737076
16,0.022945335594636705,0.025055628614242806,0.022945335594636705,0.024553786184726027,0.019527595869957518,0.038405378590736686,0.0218087358124986,0.008003665545497458,0.036438110751839614,0.005164342983940309,0.049738186163038975,0.008117983391158138,0.0030439371523201956,0.01958836681569914,0.12835202766052262,0.007452559011368404,0.9999999999999998,0.027084611756958057,0.028996027665123488,0.018745264664821643,0.03256911058843716,0.01640695521021059,0.0,0.39384020887989174,0.006360881614610464,0.02913755842095886,0.002640098016280424,0.09269396357607322,0.07756711494787193,0.039094003775056105,0.018928660241545905,0.0740748774213137,0.057837476441684736,0.16185746134312698,0.11099250928397748,0.07211994788473393,0.006736672085272965,0.01842914105611513,0.015560515306376779,0.029496905747048455,0.01147374609859593,0.03835331825622476,0.07672165716297963,0.03511210132226023,0.01730637157057923,0.01240882419220889,0.020607631609158447,0.041619667681990075,0.012188646037446972,0.04811640596642879,0.012874952410086477,0.03413181757434011,0.07143679331172326,0.22229011955930744,0.01921551036939978,0.007122591907862717,0.011958787264644282,0.043581301753733974,0.02273009307137857,0.08901410796528822,0.10580390758138591,0.050508771204146284,0.02546575979507495,0.016143392871304476,0.04885956274561353,0.057504152135465586,0.013880820441773425,0.018925723003682317,0.03595855596118721,0.005490231783484215,0.013198131619533277,0.014990438841833702,0.055935782143477795,0.014065078013537655,0.0046239177801161,0.017435543632516128,0.04986708623159528,0.07996177420498918,0.006493859415757341,0.14245132908074234,0.011049755679825008,0.005210290254842869,0.00687825659122512,0.012103026344399023,0.025148116830765652,0.030976593942452495,0.03484900471578165,0.013628625386093217,0.011396218593432088,0.0716493368732557,0.05709660929084067,0.07481311374640595,0.1018297883242021,0.0052694016250562515,0.07717626011416759,0.019057657715208766,0.05129296938748981,0.009758602653317554,0.11127376722111451,0.008766264662934559
17,0.009594262677372602,0.09066062218593032,0.009594262677372602,0.18490593713863482,0.0861169627648858,0.033554879665182065,0.05124658345155927,0.0345366818805163,0.016525057387839163,0.02109659981091036,0.010597209774730405,0.008435434568386298,0.057684514411383364,0.02397259029161132,0.046354833965554246,0.028276261117121004,0.027084611756958057,1.0000000000000004,0.01332956253435073,0.04902929645639245,0.023313027292896533,0.054390617669391454,0.0,0.06797716034511456,0.03222384289719456,0.04263089129709227,0.054991764709899985,0.021258151623881737,0.0,0.015084027953598464,0.04096068574759717,0.026180594708255185,0.06837206776301978,0.03855302455278783,0.03084362684203959,0.013001337237458645,0.06517952606225423,0.029547496077104184,0.007985972005282402,0.12533656998940482,0.012274672329061062,0.08462095853236119,0.03899392908963287,0.0028963336288654216,0.025152423668782495,0.06789591056834826,0.0169600852277611,0.03489118720015193,0.029556935728828407,0.017087055804254916,0.004508112852602919,0.18523411788722224,0.01103750071893404,0.025026446697366783,0.004501332236793135,0.014630312735836593,0.04331179536758141,0.025523416109681937,0.04161975685770317,0.0017112004818463902,0.023094894601232548,0.07769923501974692,0.07672097000766753,0.05630186597980122,0.06143431606658574,0.01633420864714052,0.17520998677208047,0.051105813784355955,0.054449445297997875,0.10772086010048902,0.06550392973067512,0.042788168881036176,0.04821158175534995,0.003447063433131851,0.004825522056087556,0.05812033642965514,0.0036823969160130355,0.001676164186518732,0.1258224218672704,0.04279131546935228,0.012584166033183943,0.011639012980140464,0.002923686423156969,0.07975162874761857,0.09099527909611703,0.007009225887105161,0.050060881063723174,0.09136035319519001,0.002409401627669526,0.015215476993654517,0.02735018362677233,0.033043749097840185,0.026872829545425417,0.004717131319962099,0.05803690320109148,0.05421054426845553,0.09943590323759895,0.005190136206070579,0.009770609380632598,0.005436698164797968
18,0.010271366158754312,0.03496345725011436,0.010271366158754312,0.01184873964253856,0.07764362607134352,0.008170289042715207,0.0530717868515224,0.0027767497560152103,0.042798396680240824,0.00561492424212269,0.027399872809995146,0.0021129158319742815,0.0022483954268245733,0.06500598712959652,0.026715091168366675,0.003966100688984321,0.028996027665123488,0.01332956253435073,1.0,0.01988134151596745,0.019797140119945638,0.0028633307413698196,0.006633679624640262,0.023475648002513002,0.005533804101693585,0.007762158171776433,0.007968670546132142,0.027829228660695215,0.00827395640339102,0.9908357388671506,0.03374195247225087,0.02292882041648378,0.01985058583430243,0.0008915461321262197,0.03876868835177812,0.5926544950983813,0.04020050445311306,0.002507686808974109,0.004172483527498668,0.46790011627343675,0.0034863337795345796,0.013650025756217266,0.012379060795035784,0.009952446928848252,0.00996095794254163,0.00998933290411176,0.007895330358438719,0.010158025193677015,0.008218635310552811,0.01433238798101748,0.004154394033868924,0.004836544523475097,0.013203979917200914,0.05065298123348963,0.021123728462667295,0.13258990157531714,0.0040858460132645715,0.014711404647984688,0.004940951332529284,0.042873311609904326,0.01706801982435471,0.007666510549784615,0.020394299102979272,0.07788984852405524,0.12313194533501179,0.01187723039050751,0.0050801375868883775,0.006409489684923904,0.010161751756509957,0.018826150220309583,0.0023682938064794753,0.01577875659147784,0.010528873484489318,0.004740234805700525,0.03411689563496569,0.015833788643223042,0.0074451625978830815,0.009557075313562265,0.007348989194802312,0.008442621545869389,0.007696279134919774,0.0010799616363837826,0.004570960516228206,0.007542926782839976,0.03509251838261765,0.006080117416411955,0.007688665020782453,0.0718695675782896,0.0022067308304032154,0.03113121058542942,0.008890633697859598,0.012748004829261148,0.02983679110941718,0.08794822302040953,0.08592753249096047,0.005131249957858336,0.009858738639411183,0.004725015817522161,0.012283245359331117,0.0037212881470332832
